HyperCLaw-V1.1
6
Bx
By
Bz
Ex
Ey
Ez
3
40
0
-0.0064000000000000003 -0.0032000000000000002 -0.0023999999999999998 
0.0064000000000000003 0.0032000000000000002 0.0024000000000000007 

((0,0,0) (15,7,5) (0,0,0)) 
40 
0.00080000000000000004 0.00080000000000000004 0.00080000000000000004 
0
0
0 2 40
40
-0.0064000000000000003 0
-0.0032000000000000002 0.0032000000000000002
-0.0023999999999999998 0.0024000000000000007
0 0.0064000000000000003
-0.0032000000000000002 0.0032000000000000002
-0.0023999999999999998 0.0024000000000000007
Level_0/Cell
