1
1
29
0
(2 0
((0,0,0) (7,7,5) (0,0,0))
((8,0,0) (15,7,5) (0,0,0))
)
2
FabOnDisk: Cell_D_00000 0
FabOnDisk: Cell_D_00001 0

2,29
-6.0000000000000001e-03,-2.8000000000000004e-03,-1.9999999999999996e-03,-6.5014851619194942e+03,-1.8757903449206751e+03,1.5246214729960499e+04,-5.5497844432930576e-01,-5.8484716337971288e-01,-5.8960796226030099e-01,5.8180670788629801e+18,-3.6350814328995627e-06,-3.3306274006588063e-06,-2.6501266087540912e-06,7.4507926717943774e+04,7.3728549983496428e+04,7.2614808714517800e+04,-3.7275098656022274e+03,-2.9176368133345582e+03,-4.4816004898983847e+03,5.7788422749943339e+20,-3.6777566808655865e-07,-3.7694859267640396e-07,-4.3137572382188812e-07,7.3243312620416677e+04,7.3256976834069341e+04,7.4931745925978001e+04,-3.1798185893476220e+03,-4.2053694433055516e+03,-3.2757997810723205e+03,
4.0000000000000034e-04,-2.8000000000000004e-03,-1.9999999999999996e-03,-7.2787291430697360e+03,-1.4231710436226324e+03,1.5144434400332329e+04,-4.1637418974126100e-01,-5.3142663323028227e-01,-4.9062058884767584e-01,5.7693606954620406e+18,-4.3847262878515653e-06,-4.4161219268457091e-06,-3.3354393154765143e-06,7.3566983665427688e+04,7.3244081915282688e+04,7.2576918650686828e+04,-4.1926344612231405e+03,-4.6780154076337903e+03,-4.2684309318823298e+03,5.7602898375970436e+20,-4.8125471994709318e-07,-4.1542042852471019e-07,-3.2480990637473387e-07,7.2408698679739522e+04,7.2545423719502927e+04,6.9380053525983894e+04,-2.9219326578642672e+03,-3.9766951666354234e+03,-4.2739024236344239e+03,

2,29
-4.0000000000000034e-04,2.8000000000000000e-03,2.0000000000000013e-03,6.4571517256941897e+03,1.4247260350332076e+03,1.8550346891928973e+04,5.2283404669175915e-01,8.2875612438268920e-01,4.5791333734159689e-01,6.4408173320009431e+18,2.9575582881199853e-06,4.5330002197002469e-06,4.9638097868832897e-06,8.6362263692101507e+04,8.6685126594897782e+04,8.8796865510093572e+04,3.6874837436441044e+03,4.1177910894004117e+03,3.6748638192938079e+03,6.3951388701769125e+20,4.5872938352852809e-07,4.6516343457548168e-07,5.4166498738612567e-07,8.8267727713459215e+04,8.8368299580794788e+04,8.8552244588317582e+04,4.3732313566957664e+03,3.9640283814913591e+03,4.3111734846588170e+03,
6.0000000000000001e-03,2.8000000000000000e-03,2.0000000000000013e-03,6.6174609447786761e+03,1.7895909967665471e+03,1.8632819136044156e+04,4.6029018853410281e-01,4.8290464214877232e-01,5.3215444359486330e-01,6.3752145006636554e+18,2.9519370779872048e-06,3.0338888011759700e-06,5.7089405678691396e-06,8.8811711881146373e+04,8.9228094369636252e+04,8.8953012516351009e+04,4.2512261310117037e+03,3.2135368299099669e+03,3.6976998677239681e+03,6.3828807342341489e+20,5.0025566663277216e-07,4.4471735098807579e-07,4.0991094210285105e-07,8.8896772560620360e+04,8.7378563749175461e+04,8.7705563517273884e+04,3.7673194506424124e+03,4.2878582794654312e+03,3.0690438416733855e+03,

