1
1
6
0
(2 0
((0,0,0) (7,7,5) (0,0,0))
((8,0,0) (15,7,5) (0,0,0))
)
2
FabOnDisk: Cell_D_00000 0
FabOnDisk: Cell_D_00001 0

2,6
-6.5014851619194942e+03,-1.8757903449206751e+03,1.5246214729960499e+04,-5.5497844432930576e-01,-5.8484716337971288e-01,-5.8960796226030099e-01,
-7.2787291430697360e+03,-1.4231710436226324e+03,1.5144434400332329e+04,-4.1637418974126100e-01,-5.3142663323028227e-01,-4.9062058884767584e-01,

2,6
6.4571517256941897e+03,1.4247260350332076e+03,1.8550346891928973e+04,5.2283404669175915e-01,8.2875612438268920e-01,4.5791333734159689e-01,
6.6174609447786761e+03,1.7895909967665471e+03,1.8632819136044156e+04,4.6029018853410281e-01,4.8290464214877232e-01,5.3215444359486330e-01,

